2 videos iguais e um diferente COM SDN:

    * primeira requisicao com 5 segundos
    * segunda requisicao com 25 segundos
    * terceira requisicao com 35 segundos

    - Medicao 1:

    rx
    0
    0
    0   
    0
    0            // primeiro request
    0
    0
    0
    2698856
    2698856
    2698856
    1502496
    1502496
    1502496
    1662266
    1662266
    1662266
    752698
    752698
    752698
    1011973
    1011973
    1011973
    1425072     // segundo request
    1425072
    1425072
    1787381
    1787381
    1787381
    2904400
    2904400
    2904400
    2725386
    2725386
    2725386     // terceiro request (video diferente)
    1391920     
    1391920
    1391920
    1505557
    1505557
    1505557
    3575530
    3575530
    3575530
    5103093
    5103093
    5103093
    4112026
    4112026
    4112026
    3520458
    3520458
    3520458
    4410245
    4410245
    4410245
    3887658
    3887658
    3887658


    - Medicao 2:

    rx
    0
    0
    0
    0
    0               // primeiro request
    0
    0
    0
    1916144
    1916144
    1916144
    1476218
    1476218
    1607466
    1607466
    1607466
    774506
    774506
    774506
    1008592
    1008592
    1008592
    2192000
    2192000
    2192000       // segundo request
    1794181
    1794181
    1794181
    1695344
    1695344
    1695344
    3006693
    3006693
    3006693
    2586560         // terceiro request (video diferente)
    2586560
    2586560
    2159824
    2159824
    2159824
    4214928
    4214928
    4214928
    4159792
    4159792
    4159792
    3958586
    3958586
    3958586
    4393557
    4393557
    4393557
    3787712
    3787712
    3787712
    4795200
    4795200
    4795200 
    4955946
    4955946   


    - Medicao 3:

    rx
    0
    0
    0
    0
    0                 // primeiro request
    1797
    1797
    1797
    2305253
    2305253
    2305253
    1326432
    1326432
    1326432
    1486906
    1486906
    1486906
    785738
    785738
    785738
    1099925
    1099925
    1099925
    1549013
    1549013         // segundo request
    1549013
    1881861
    1881861
    1881861
    1476368
    1476368
    1476368
    3090992
    3090992
    3090922         // terceiro request (video diferente)
    2308906
    2308906
    2308906
    1571402
    1571402
    4456725
    4456725
    4410245
    4410245
    4410245
    3887658
    3887658
    3887658
    4795200
    4795200
    4795200 
    4955946
    4955946
    3520458
    3520458
    3520458
    4393557
    4393557
    4393557


    - Medicao 4:

    rx
    0
    0
    0
    0   
    0                // primeiro request
    0   
    0
    1587344
    1587344
    1587344
    1490832
    1490832
    1490832
    1669573
    1669573
    1669573
    1282728
    1282728
    1282728
    982746
    982746
    982745
    1373925
    1373925
    1373925         // segundo request
    1775989
    1775989
    1775989
    1505568
    1505568
    1505568
    2663477
    2663477
    2663477
    2890170         // terceiro request (video diferente)
    2890170
    2890170
    1414224
    1414224
    1414224
    4214928
    4214928
    4214928
    4159792
    4159792
    4159792
    3958586
    3958586
    3958586
    4393557
    4393557
    4393557
    3787712
    3787712
    3787712
    4795200
    4795200
    4795200 
    4955946
    4955946

    
    Medicao 5:

    rx
    0
    0
    0
    0
    0           // primeiro request
    0
    0
    1916144
    1916144
    1916144
    1476218
    1476218
    1476218
    1607466
    1607466
    1607466
    774778
    774778
    774778
    1008320
    1008320
    1008320
    2192408
    2192408
    2192408
    1794453     // segundo request
    1794453
    1794453
    1695456
    1695456
    1695456
    3006693
    3006693
    3006693
    2586832     // terceiro request (video diferente)
    2586832     
    2586832
    4456725
    4456725
    4410245
    4410245
    4410245
    3887658
    3887658
    3887658
    4795200
    4795200
    4795200 
    4955946
    4955946
    3520458
    3520458
    3520458
    4393557
    4393557
    4393557
    4795200
    4795200 
    4955946
    4955946


    MEDIA DAS 5 MEDICOES:

    0
    0
    0
    0
    0
    359,4
    359,4
    701057
    2084748,2
    2084748,2
    1977460,6
    1454439,2
    1454439,2
    1542686,6
    1606735,4
    1606735,4
    1196236,8
    874089,6
    874089,6
    907618,8
    1022311,2
    1022311
    1574046,2
    1746483,6
    1746483,6
    1667741,6
    1806773
    1806773
    1713122
    1855427,2
    1855427,2
    2611526,2
    2898648,2
    2898648,2
    2775974
    2352877,6
    2352877,6
    2346319,8
    2221546,4
    2212250,4
    3760476,6
    4174471,2
    4060657,8
    4038603,4
    4344116
    4421107
    4340624,6
    4142411,2
    4356068,8
    4530057,2
    4124646
    4156795,2
    3914457,2
    3979936,8
    3979936,8
    4382932
    4533363
    4533363
    4629810,6
    4730990,4













    
